-228.515625
-1000.0
-212.40234375
920.41015625
-906.73828125
28.3203125
-1000.0
-523.92578125
831.54296875
-858.3984375
194.82421875
-1000.0
-781.73828125
585.9375
-846.19140625
133.30078125
-1000.0
-1000.0
89.35546875
-894.53125
777.34375
-380.859375
-1000.0
-12.6953125
-764.6484375
258.30078125
-985.3515625
-1000.0
-87.40234375
-819.82421875
479.4921875
-885.25390625
-1000.0
-226.07421875
-901.3671875
750.0
-626.46484375
-1000.0
-200.68359375
-935.05859375
862.79296875
-440.91796875
-1000.0
-394.53125
915.0390625
-936.5234375
-52.24609375
-1000.0
-499.0234375
858.88671875
-862.3046875
21.97265625
-985.83984375
-292.48046875
820.80078125
-950.1953125
-3.90625
-1000.0
-928.7109375
313.4765625
-791.50390625
156.73828125
-1000.0
-1000.0
126.46484375
-759.765625
131.8359375
-1000.0
-1000.0
-182.6171875
-879.8828125
493.65234375
-534.1796875
-1000.0
-280.76171875
-824.21875
534.1796875
-866.69921875
-1000.0
-195.80078125
-929.6875
834.47265625
-514.16015625
-1000.0
-177.734375
-986.328125
-977.5390625
-158.69140625
-1000.0
-315.91796875
941.40625
-988.76953125
-78.125
-1000.0
-645.99609375
699.70703125
-855.46875
310.546875
-1000.0
-845.21484375
556.15234375
-793.45703125
142.578125
-1000.0
-712.40234375
420.8984375
-798.828125
151.85546875
-1000.0
-1000.0
-4.39453125
-774.4140625
323.73046875
-955.078125
-1000.0
-183.59375
-818.84765625
435.546875
-916.015625
-1000.0
-229.00390625
-887.20703125
661.62109375
-607.421875
-1000.0
-218.75
-935.05859375
909.1796875
-401.3671875
-1000.0
-104.98046875
960.9375
-934.5703125
-49.8046875
-1000.0
-571.77734375
713.8671875
-854.4921875
132.8125
-1000.0
-675.78125
705.56640625
-823.73046875
151.85546875
-1000.0
-1000.0
145.99609375
-844.7265625
439.94140625
-635.7421875
-1000.0
18.5546875
-757.32421875
190.4296875
-1000.0
-1000.0
-5.37109375
-795.8984375
409.66796875
-913.0859375
-1000.0
-238.76953125
-874.0234375
648.92578125
-748.046875
-1000.0
-194.3359375
-980.95703125
689.453125
-555.17578125
-1000.0
-330.078125
958.49609375
-995.60546875
-68.359375
-1000.0
-443.359375
909.1796875
-883.30078125
-83.49609375
-1000.0
-118.1640625
826.171875
-868.1640625
193.84765625
-1000.0
-805.6640625
543.9453125
-806.640625
159.66796875
-1000.0
-1000.0
236.328125
-763.671875
132.32421875
-1000.0
-1000.0
-113.76953125
-825.1953125
291.50390625
-743.65234375
-1000.0
-257.8125
-807.6171875
469.23828125
-906.73828125
-985.3515625
-119.140625
-927.734375
755.37109375
-627.44140625
-1000.0
-281.25
983.3984375
983.88671875
-283.203125
-1000.0
-318.84765625
960.9375
-948.73046875
-123.53515625
-1000.0
-580.078125
773.92578125
-878.41796875
202.1484375
-1000.0
-752.9296875
642.578125
-805.17578125
151.85546875
-1000.0
-546.38671875
597.16796875
-829.1015625
165.0390625
-1000.0
-1000.0
109.86328125
-759.765625
213.8671875
-997.55859375
-1000.0
-126.46484375
-853.515625
312.01171875
-943.84765625
-1000.0
-242.1875
-859.86328125
544.921875
-774.90234375
-1000.0
-231.4453125
-893.06640625
757.8125
-632.8125
-1000.0
-62.98828125
974.609375
-961.9140625
-157.2265625
-1000.0
-371.58203125
889.6484375
-904.78515625
34.66796875
-1000.0
-541.50390625
827.1484375
-855.46875
124.51171875
-1000.0
-946.77734375
368.1640625
-848.14453125
396.97265625
-705.078125
-1000.0
187.01171875
-750.48828125
142.578125
-1000.0
-927.24609375
149.4140625
-782.2265625
309.5703125
-957.51953125
-1000.0
-174.8046875
-823.73046875
507.32421875
-870.60546875
-1000.0
-230.46875
-880.37109375
666.50390625
-724.609375
-1000.0
-241.2109375
-958.0078125
876.46484375
-345.703125
-1000.0
-326.66015625
957.03125
-909.1796875
-204.1015625
-959.9609375
115.72265625
876.46484375
-901.85546875
115.72265625
-1000.0
-644.04296875
730.46875
-834.47265625
175.78125
-1000.0
-908.69140625
412.109375
-780.2734375
137.6953125
-1000.0
-1000.0
4.39453125
-826.66015625
301.26953125
-718.26171875
-1000.0
-148.92578125
-778.80859375
373.046875
-979.98046875
-903.3203125
37.109375
-885.25390625
621.09375
-770.5078125
-1000.0
-230.95703125
-945.3125
862.79296875
-475.5859375
-1000.0
-189.94140625
-978.02734375
991.69921875
-214.35546875
-1000.0
-469.7265625
871.09375
-919.43359375
116.69921875
-1000.0
-591.30859375
807.6171875
-828.61328125
100.5859375
-1000.0
-185.546875
808.10546875
-878.41796875
192.3828125
-1000.0
-995.60546875
265.625
-767.578125
141.11328125
-1000.0
-1000.0
1.953125
-769.04296875
251.46484375
-978.02734375
-1000.0
-256.8359375
-833.49609375
423.828125
-932.12890625
-1000.0
-238.76953125
-876.46484375
690.4296875
-813.4765625
-821.77734375
317.87109375
-988.28125
924.31640625
-340.33203125
-1000.0
-232.91015625
986.81640625
-952.63671875
-89.35546875
-1000.0
-430.6640625
889.16015625
-889.6484375
61.5234375
-1000.0
-731.4453125
654.78515625
-866.69921875
388.671875
-817.3828125
-960.44921875
397.94921875
-778.80859375
177.734375
-1000.0
-626.953125
640.625
-835.44921875
209.9609375
-1000.0
-1000.0
-58.10546875
-785.15625
380.37109375
-926.7578125
-1000.0
-238.76953125
-847.65625
541.50390625
-860.3515625
-1000.0
-216.796875
-908.203125
750.0
-526.3671875
-1000.0
-217.7734375
-979.98046875
-974.609375
-330.56640625
-966.30859375
301.26953125
959.9609375
-948.73046875
24.90234375
-1000.0
-527.34375
760.25390625
-873.046875
170.41015625
-1000.0
-787.59765625
575.1953125
-802.734375
146.97265625
-1000.0
-1000.0
109.375
-786.1328125
178.22265625
-845.21484375
-1000.0
-43.45703125
-760.7421875
304.6875
-1000.0
-601.07421875
561.5234375
-863.28125
479.4921875
-858.3984375
-1000.0
-226.5625
-906.25
764.6484375
-715.8203125
-1000.0
194.82421875
-991.2109375
837.40234375
-329.1015625
-1000.0
-420.41015625
915.52734375
-947.75390625
-20.99609375
-1000.0
-523.92578125
845.703125
-841.796875
48.33984375
-1000.0
1.953125
998.53515625
-936.03515625
220.21484375
-1000.0
-928.22265625
382.32421875
-778.80859375
144.53125
-1000.0
-1000.0
75.1953125
